20
  0  69   0   0   0   0   0   0   0   0   0  97   0  12   0   0   0   0  12   0 
 69   0  39   0  62   0   0   0   0   0   0   0   0   0   0   0   0  60  19   0 
  0  39   0  86   0   0   0   0   0  53   0   0   0   0   0   0   0   0   0   0 
  0   0  86   0  13   0   0   0   0   0   0   0   0   0   0   0   0   0   0   0 
  0  62   0  13   0  18   0   0   0   0   0   0   0   0   0   0  72   0   0   0 
  0   0   0   0  18   0  72   0   0   0   0   0   0   0   0   0   0   0   0   0 
  0   0   0   0   0  72   0  47   0   0   0   0   0   0   0   0  86   0   0  90 
  0   0   0   0   0   0  47   0  74   0   0   0   0   0   0   0   0   0   0   0 
  0   0   0   0   0   0   0  74   0  15   0   0   0   0   0   0  11  53   0   0 
  0   0  53   0   0   0   0   0  15   0  14   0  20   0   0   0   0   0   0   0 
  0   0   0   0   0   0   0   0   0  14   0  28   0   0   0   0   0   0   0  20 
 97   0   0   0   0   0   0   0   0   0  28   0  77   0  89   0  52   0  86   3 
  0   0   0   0   0   0   0   0   0  20   0  77   0  22   0   0   0   0   0   0 
 12   0   0   0   0   0   0   0   0   0   0   0  22   0  75   0   0   0   0   0 
  0   0   0   0   0   0   0   0   0   0   0  89   0  75   0  39   0   0   0  34 
  0   0   0   0   0   0   0   0   0   0   0   0   0   0  39   0  25   0   0   0 
  0   0   0   0  72   0  86   0  11   0   0  52   0   0   0  25   0  11   0   0 
  0  60   0   0   0   0   0   0  53   0   0   0   0   0   0   0  11   0  67   0 
 12  19   0   0   0   0   0   0   0   0   0  86   0   0   0   0   0  67   0  75 
  0   0   0   0   0   0  90   0   0   0  20   3   0   0  34   0   0   0  75   0 
