15
  0  37  32   0   0  81   0   0   0   0   0   0   0   0   0 
 37   0  65  18   0   0   0   0   0   0   0  60  41   0  77 
 32  65   0  50   0   0   0   0   0   0   0   0   0   0   0 
  0  18  50   0  89   0   0   0   0   0   0   0   0   0   0 
  0   0   0  89   0  45   0   0   0  78   0   0   0   0   0 
 81   0   0   0  45   0  56   0   0   0   0   0   0   0   0 
  0   0   0   0   0  56   0  28   0   0   0   0  32   0   0 
  0   0   0   0   0   0  28   0  90   0  42   0   0   0   0 
  0   0   0   0   0   0   0  90   0  20   0   0   0   0   0 
  0   0   0   0  78   0   0   0  20   0  16   0   0   0   0 
  0   0   0   0   0   0   0  42   0  16   0  48   0   0   0 
  0  60   0   0   0   0   0   0   0   0  48   0  30   0  24 
  0  41   0   0   0   0  32   0   0   0   0  30   0  83  55 
  0   0   0   0   0   0   0   0   0   0   0   0  83   0  43 
  0  77   0   0   0   0   0   0   0   0   0  24  55  43   0 
